30
5
-11 -9 0 0 0 -122
5 -15 -2 0 0 -48
0 -8 11 -3 0 -14
0 0 6 -15 4 -50
0 0 0 3 6 42
5
10 5 0 0 0 -120
3 10 -2 0 0 -91
0 2 -9 -5 0 5
0 0 5 16 -4 -74
0 0 0 -8 16 -56
5
13 -5 0 0 0 -66
-4 9 -5 0 0 -47
0 -1 -12 -6 0 -43
0 0 6 20 -5 -74
0 0 0 4 5 14
5
-14 -6 0 0 0 -78
-9 15 -1 0 0 -73
0 1 -11 1 0 -38
0 0 -7 12 3 77
0 0 0 6 -7 91
5
8 4 0 0 0 48
-5 22 8 0 0 125
0 -5 -11 1 0 -43
0 0 -9 -15 1 18
0 0 0 1 7 -23
5
6 -5 0 0 0 -58
-6 16 9 0 0 161
0 9 -17 -3 0 -114
0 0 8 22 -8 -90
0 0 0 6 -13 -55
5
15 8 0 0 0 92
2 -15 4 0 0 -84
0 4 11 5 0 -77
0 0 -3 16 -7 15
0 0 0 3 8 -11
5
-11 -8 0 0 0 99
9 -17 1 0 0 -75
0 -4 20 9 0 66
0 0 -4 -14 3 54
0 0 0 -6 14 8
5
8 -4 0 0 0 32
-2 12 -7 0 0 15
0 2 -9 1 0 -10
0 0 -8 17 -4 133
0 0 0 -7 13 -76
5
-7 -6 0 0 0 -75
6 12 0 0 0 126
0 -3 5 0 0 13
0 0 -9 21 8 -40
0 0 0 -5 -6 -24
5
-10 -9 0 0 0 7
-5 -21 -8 0 0 29
0 7 12 2 0 31
0 0 8 2 5 56
0 0 0 2 10 -24
5
-11 9 0 0 0 -114
1 -8 1 0 0 81
0 -2 -11 5 0 -8
0 0 3 -14 7 -38
0 0 0 8 10 144
5
14 9 0 0 0 125
-8 14 6 0 0 -56
0 -5 -17 8 0 144
0 0 1 5 -2 36
0 0 0 -4 -10 70
5
-1 -1 0 0 0 -4
7 -17 -8 0 0 132
0 -9 19 8 0 -59
0 0 7 -20 4 -193
0 0 0 -4 12 -40
5
16 -8 0 0 0 0
-7 -16 5 0 0 -123
0 4 12 3 0 -68
0 0 -4 12 -7 104
0 0 0 -1 7 20
5
18 -9 0 0 0 -81
2 -9 -4 0 0 71
0 -9 21 -8 0 -39
0 0 -4 -10 5 64
0 0 0 7 12 3
5
-6 5 0 0 0 51
-1 13 6 0 0 100
0 -9 -15 -4 0 -12
0 0 -1 -7 1 47
0 0 0 9 -18 -90
5
8 -2 0 0 0 -14
7 -19 9 0 0 -55
0 -4 21 -8 0 49
0 0 7 -23 9 86
0 0 0 4 -7 8
5
10 -1 0 0 0 16
-8 16 1 0 0 -110
0 6 -16 6 0 24
0 0 -8 16 -5 -3
0 0 0 5 -13 87
5
-6 6 0 0 0 30
2 10 -7 0 0 -31
0 -8 18 9 0 108
0 0 6 -17 -6 -114
0 0 0 9 14 124
5
7 -2 0 0 0 65
-3 -7 4 0 0 23
0 -2 15 5 0 1
0 0 -2 -12 -8 -58
0 0 0 -3 -10 -8
5
-14 6 0 0 0 82
2 7 0 0 0 -51
0 -7 -18 -9 0 -46
0 0 2 -13 2 111
0 0 0 -7 -7 35
5
7 -5 0 0 0 38
-6 19 -9 0 0 14
0 6 -18 7 0 -45
0 0 -7 -11 -2 30
0 0 0 5 -7 48
5
-11 9 0 0 0 -117
-9 17 6 0 0 -97
0 5 20 8 0 -6
0 0 -6 -20 7 59
0 0 0 2 8 -86
5
12 -5 0 0 0 148
-3 -18 -8 0 0 45
0 -2 -16 -9 0 -155
0 0 -4 18 -7 11
0 0 0 4 -9 3
5
-12 -7 0 0 0 -102
-7 -11 -3 0 0 -92
0 -7 21 -8 0 -65
0 0 4 -13 5 38
0 0 0 -6 14 -12
5
-6 3 0 0 0 -33
6 -23 -9 0 0 -107
0 2 -7 -1 0 18
0 0 4 15 -9 -69
0 0 0 5 -11 -31
5
16 -9 0 0 0 -27
8 -13 -5 0 0 -84
0 -3 -21 9 0 -225
0 0 -9 16 -5 -89
0 0 0 1 -9 69
5
-11 9 0 0 0 -158
0 -8 -6 0 0 66
0 6 15 -2 0 -45
0 0 4 6 -1 24
0 0 0 -7 -10 -1
5
 6   3  0  0  0    0
-9 -17  3  0  0  -99
 0  -3 12 -7  0 -107
 0   0  2 -9 -6    5
 0   0  0 -4  5   -6