31
3
10   1   1  12
 2  10   1  13
 2   2  10  14
4
19 -4 -9 -1 100
-2 20 -2 -7 -5
6 -5 -25 9 34
0 -3 -9 12 69

4
24 2 4 -9 -9
-6 -27 -8 -6 -76
-4 8 19 6 -79
4 5 -3 -13 -70

4
-23 -7 5 2 -26
-7 -21 4 9 -55
9 5 -31 -8 -58
0 1 -2 10 -24

4
26 -9 -8 8 20
9 -21 -2 8 -164
-3 2 -18 8 140
1 -6 -1 11 -81

4
20 5 7 1 -117
-1 13 0 -7 -1
4 -6 17 5 49
-9 8 4 -25 -21

4
23 -6 -5 9 232
8 22 -2 5 -82
7 -6 18 -1 202
3 5 5 -19 -57

4
29 8 9 -9 197
-7 -25 0 9 -226
1 6 16 -2 -95
-7 4 -2 17 -58

4
-7 -1 2 2 -24
3 -20 0 -8 -47
-9 1 18 -6 28
-1 0 -1 -6 -50

4
12 -3 -1 3 -31
5 20 9 0 90
6 -3 -21 -7 119
8 -7 3 -27 71

4
28 9 -3 -7 -159
-5 21 -5 -3 63
-8 1 -16 5 -45
0 -2 5 8 24

4
21 1 -8 4 -119
-9 -23 -2 4 79
7 1 -17 6 -24
8 1 8 -26 -52

4
14 -4 -2 3 38
-3 23 -6 -9 -195
-7 -8 21 -5 -27
-2 -2 8 18 142

4
24 -7 -4 4 -190
-3 -9 -2 -2 -12
3 7 24 9 155
1 -6 -2 -15 -17

4
-22 -2 -6 6 96
3 -17 -3 7 -26
2 6 -17 5 35
-1 8 8 23 -234

4
-14 6 1 -5 95
-6 27 7 -6 -41
7 -5 -23 -8 69
3 -8 -7 26 27

4
21 -6 -9 -4 127
-6 20 -4 2 -144
-2 -7 -20 3 236
4 9 6 24 -5

4
-19 2 -1 -8 38
2 14 -4 0 20
6 -5 -20 -6 52
-6 4 -2 15 43

4
18 8 -3 4 -84
-7 15 -5 -2 -5
-4 13 4 0 -38
-8 -8 -6 31 263

4
15 0 7 5 176
-3 -14 -6 1 -111
-2 9 13 2 74
4 -1 2 3 76

4
10 -1 -2 5 -99
4 28 7 9 0
6 5 -23 4 67
1 4 5 -15 58

4
24 9 -1 -5 -24
-1 -14 1 9 40
-7 5 -21 0 -84
1 4 8 -22 -56

4
-18 9 -1 -8 -60
6 22 9 0 -109
-4 2 -16 9 -103
1 6 -1 -14 -33

4
-24 -6 4 7 130
-8 21 4 -2 139
6 6 16 0 -84
-7 -7 5 24 -165

4
-25 4 -4 9 86
-9 21 5 -6 29
9 2 19 -7 28
-7 4 -7 25 68

4
15 -4 -6 5 104
4 -14 -1 4 70
7 -7 27 -8 170
-3 -3 2 -14 48

4
18 -2 3 7 50
-1 14 -3 2 2
5 5 26 7 273
-2 -6 9 24 111

4
-26 -7 -8 -2 -51
2 -17 -6 -2 85
-7 -6 -23 -3 71
3 -2 -7 -13 91

4
10 2 3 4 110
2 16 -3 8 128
1 5 11 -4 102
8 1 6 -17 81

4
15 3 -5 -5 36
7 -15 -6 1 -112
-4 7 -19 -6 19
3 -5 3 8 -23

4
22 -3 -8 7 -158
-8 -22 -4 -8 254
8 -2 -18 2 -108
7 2 -9 -24 -24