13
4
 1   2  -2   6      24
-3  -5  14  13      41
 1   2  -2  -2       0
-2  -4   5  10      20
4
 2   7  -8   6      -39
 4   4   0  -7       41
-1  -3   6   3        4
 9  -7  -2  -8      113
4
 9  -5  -6   3       -8
 1  -7   1   0       38
 3  -4   9   0       47
 6  -1   9   8       -8
4
-1  -7  -3  -2      -12
-8   1  -9   0      -60
 8   2  -5  -3      -91
-5   3   5  -9      -43
4
 3  -8   1  -7       96
 6   4   8   5      -13
-1   1  -9  -3      -54
-6   6   9  -4       82
4
 1   2  -1  -7      -23
 8   0  -9  -3       39
 2  -3   7   1       -7
 1  -5  -6   8       30
4
 1  -5  -7   1      -75
 1  -3  -9  -4      -41
-2   4   2   1       18
-9   9   5   3       29
4
-4  -9   4   3      -51
 2   7   9   8       76
 4  -4   0  -2       26
-8   5   2   9      -73
4
-7  -9   1  -9       29
-6  -8  -5   2       42
-3   6   5  -9       11
-2   0  -5  -9       75
4
-7   3  -4   7     -126
 8  -1  -7   6       29
 9   9   3  -6       27
-7  -9  -8  -5       34
5
 2  -3   4  -1   5    15
 1   4  -2   3  -1    -8
-3   1   5  -2   4    22
 4  -2   1   6  -3     7
-1   3  -4   1   2    -5
7
 1   2  -1   3  -2   1  -4    10
-2   1   3  -1   4  -2   1    -5
 3  -4   2   5  -1   3  -2    18
 1   3  -2   1   2  -5   4   -12
-4   2   1  -3   6  -1   2    25
 2  -1   4   2  -3   5  -1     8
-1   5  -3   4  -1  -2   6   -15
15
  2  -3   4   1  -5   6  -2   3  -1   4  -6   2   1  -3   5      25
 -1   4  -2   3   1  -4   5  -3   2  -1   3  -5   6   2  -4     -14
  3  -2   1  -4   5  -1   2   4  -3   6  -2   1  -5   3   2      18
  4   1  -3   2  -6   5  -1   2   4  -3   1  -2   3  -4   5      -7
 -2   5  -1   3   2  -3   4  -6   1   2  -4   5  -3   1  -2      31
  1  -4   6  -2   3   2  -5   1  -3   4  -1   2  -6   5  -3     -22
  5  -1   2  -3   4  -2   1   5  -4   3  -5   6  -1   2   4      12
 -3   2  -5   4  -1   6  -2   3   2  -4   5  -1   4  -3   1      -9
  2  -6   3   1  -4   2   5  -3   6  -2   4  -5   1  -1   3      27
 -4   3   1  -5   6  -1   2  -4   5  -3   2   4  -2   6  -5     -35
  6  -2   4  -1   3  -5   1   2  -6   5  -3   4  -2   1  -4      19
 -1   5  -3   2  -4   3  -6   1   4  -5   6  -2   3  -4   2     -11
  3  -4   5  -2   1  -3   4   6  -5   2  -1   3  -4   5  -6      40
 -5   1  -2   6  -3   4  -1   5   2  -6   3  -4   5  -2   1     -18
  4  -3   2  -1   5  -6   3  -2   4   1  -5   2  -3   6  -4      23